9.999999999996292965e-01
0.000000000000000000e+00
9.999149855167099865e-01
0.000000000000000000e+00
9.999149855170195167e-01
0.000000000000000000e+00
9.996599711014009237e-01
0.000000000000000000e+00
9.996599711019450440e-01
0.000000000000000000e+00
9.992350438439999705e-01
0.000000000000000000e+00
9.992350438434188797e-01
0.000000000000000000e+00
9.986403488607431544e-01
5.936919570576507754e-14
9.986403488607431544e-01
-5.936919570576507754e-14
9.978760892459354048e-01
1.624647434080061879e-14
9.978760892459354048e-01
-1.624647434080061879e-14
9.969425260020957635e-01
0.000000000000000000e+00
9.969425260022272139e-01
0.000000000000000000e+00
9.958399779509565786e-01
0.000000000000000000e+00
9.958399779504690796e-01
0.000000000000000000e+00
9.945688216230147427e-01
0.000000000000000000e+00
9.945688216229365830e-01
0.000000000000000000e+00
9.931294911303779616e-01
0.000000000000000000e+00
9.931294911305722506e-01
0.000000000000000000e+00
9.915224780206045585e-01
0.000000000000000000e+00
9.915224780208592437e-01
0.000000000000000000e+00
9.897483311042332144e-01
1.421709320042525261e-13
9.897483311042332144e-01
-1.421709320042525261e-13
9.878076562701554320e-01
0.000000000000000000e+00
9.878076562704978247e-01
0.000000000000000000e+00
9.857011162797238990e-01
0.000000000000000000e+00
9.857011162798383630e-01
0.000000000000000000e+00
9.834294305375234080e-01
0.000000000000000000e+00
9.834294305371954481e-01
0.000000000000000000e+00
9.809933748477839277e-01
0.000000000000000000e+00
9.809933748481676208e-01
0.000000000000000000e+00
9.783937811500299508e-01
0.000000000000000000e+00
9.783937811504227477e-01
0.000000000000000000e+00
9.756315372324819712e-01
9.202266183444611233e-14
9.756315372324819712e-01
-9.202266183444611233e-14
9.727075864311875986e-01
0.000000000000000000e+00
9.727075864313200482e-01
0.000000000000000000e+00
9.696229273073559973e-01
0.000000000000000000e+00
9.696229273067903387e-01
0.000000000000000000e+00
9.663786133048433147e-01
7.140900640083991378e-14
9.663786133048433147e-01
-7.140900640083991378e-14
9.629757523931928853e-01
0.000000000000000000e+00
9.629757523937474417e-01
0.000000000000000000e+00
9.594155066881975280e-01
0.000000000000000000e+00
9.594155066880131200e-01
0.000000000000000000e+00
9.556990920524710553e-01
0.000000000000000000e+00
9.556990920528484201e-01
0.000000000000000000e+00
9.518277776855000871e-01
0.000000000000000000e+00
9.518277776864193518e-01
0.000000000000000000e+00
9.478028856860092333e-01
2.472014656097035046e-13
9.478028856860092333e-01
-2.472014656097035046e-13
9.436257906011276120e-01
0.000000000000000000e+00
9.436257906004354989e-01
0.000000000000000000e+00
9.392979189582494337e-01
0.000000000000000000e+00
9.392979189587146172e-01
0.000000000000000000e+00
9.348207487792484782e-01
0.000000000000000000e+00
9.348207487796535986e-01
0.000000000000000000e+00
9.301958090723192463e-01
0.000000000000000000e+00
9.301958090717756811e-01
0.000000000000000000e+00
9.254246793111549074e-01
5.073591678901494471e-14
9.254246793111549074e-01
-5.073591678901494471e-14
9.205089888978599255e-01
0.000000000000000000e+00
9.205089888982496138e-01
0.000000000000000000e+00
9.154504166040964286e-01
8.447750391677862484e-14
9.154504166040964286e-01
-8.447750391677862484e-14
9.102506899986403388e-01
0.000000000000000000e+00
9.102506899992153233e-01
0.000000000000000000e+00
9.049115848580856492e-01
0.000000000000000000e+00
9.049115848584737831e-01
0.000000000000000000e+00
8.994349245587258679e-01
0.000000000000000000e+00
8.994349245582272667e-01
0.000000000000000000e+00
8.938225794560195059e-01
0.000000000000000000e+00
8.938225794565209936e-01
0.000000000000000000e+00
8.880764662468548787e-01
0.000000000000000000e+00
8.880764662472102611e-01
0.000000000000000000e+00
8.821985473102553765e-01
5.421183332830809509e-14
8.821985473102553765e-01
-5.421183332830809509e-14
8.761908300433176588e-01
2.969901582718584963e-13
8.761908300433176588e-01
-2.969901582718584963e-13
8.700553661715292320e-01
0.000000000000000000e+00
8.700553661720928922e-01
0.000000000000000000e+00
8.637942510512668370e-01
0.000000000000000000e+00
8.637942510510212557e-01
0.000000000000000000e+00
8.574096229515606460e-01
1.453985835909828594e-13
8.574096229515606460e-01
-1.453985835909828594e-13
8.509036623259198517e-01
2.202236653773980343e-13
8.509036623259198517e-01
-2.202236653773980343e-13
8.442785910684084127e-01
0.000000000000000000e+00
8.442785910678674011e-01
0.000000000000000000e+00
8.375366717523611282e-01
0.000000000000000000e+00
8.375366717527227278e-01
0.000000000000000000e+00
8.306802068610519285e-01
2.585361175087050837e-13
8.306802068610519285e-01
-2.585361175087050837e-13
8.237115379999292442e-01
0.000000000000000000e+00
8.237115379992412389e-01
0.000000000000000000e+00
8.166330450959474740e-01
0.000000000000000000e+00
8.166330450965161303e-01
0.000000000000000000e+00
8.094471455897813694e-01
0.000000000000000000e+00
8.094471455898611945e-01
0.000000000000000000e+00
8.021562936041007896e-01
0.000000000000000000e+00
8.021562936032133884e-01
0.000000000000000000e+00
7.947629791087192919e-01
0.000000000000000000e+00
7.947629791090889961e-01
0.000000000000000000e+00
7.872697270755295573e-01
1.764258618720777722e-13
7.872697270755295573e-01
-1.764258618720777722e-13
7.796790966057693950e-01
0.000000000000000000e+00
7.796790966060561656e-01
0.000000000000000000e+00
7.719936800662414722e-01
0.000000000000000000e+00
7.719936800658911968e-01
0.000000000000000000e+00
7.642161021988226333e-01
0.000000000000000000e+00
7.642161021982547542e-01
0.000000000000000000e+00
7.563490192268971235e-01
8.955366473128933532e-14
7.563490192268971235e-01
-8.955366473128933532e-14
7.483951179473096182e-01
2.475337032532077680e-13
7.483951179473096182e-01
-2.475337032532077680e-13
7.403571148153025305e-01
0.000000000000000000e+00
7.403571148145894343e-01
0.000000000000000000e+00
7.322377550124075096e-01
0.000000000000000000e+00
7.322377550129143264e-01
0.000000000000000000e+00
7.240398115178807714e-01
4.607202231440128023e-13
7.240398115178807714e-01
-4.607202231440128023e-13
7.157660841516098049e-01
0.000000000000000000e+00
6.905185796184496461e-01
5.624603895199622624e-13
6.905185796184496461e-01
-5.624603895199622624e-13
6.819702182880725827e-01
1.253415673804126603e-13
6.819702182880725827e-01
-1.253415673804126603e-13
6.733604411440400339e-01
0.000000000000000000e+00
6.733604411432868586e-01
0.000000000000000000e+00
6.646921887190369027e-01
5.255210789705255870e-13
6.646921887190369027e-01
-5.255210789705255870e-13
6.559684215316423650e-01
1.612076733819772145e-13
6.559684215316423650e-01
-1.612076733819772145e-13
6.471921190737401908e-01
1.571835642932018091e-13
6.471921190737401908e-01
-1.571835642932018091e-13
6.383662787925328264e-01
0.000000000000000000e+00
6.383662787922808057e-01
0.000000000000000000e+00
6.294939150685054940e-01
3.977433680096538693e-13
6.294939150685054940e-01
-3.977433680096538693e-13
6.205780581896198633e-01
0.000000000000000000e+00
6.205780581902403670e-01
0.000000000000000000e+00
6.116217533152379371e-01
0.000000000000000000e+00
6.116217533148468055e-01
0.000000000000000000e+00
6.026280594349441300e-01
1.331731087186805300e-13
6.026280594349441300e-01
-1.331731087186805300e-13
5.936000483298534691e-01
2.242388053051412366e-13
5.936000483298534691e-01
-2.242388053051412366e-13
5.845408035233311539e-01
0.000000000000000000e+00
5.845408035235361011e-01
0.000000000000000000e+00
5.754534192274513016e-01
0.000000000000000000e+00
5.754534192271003601e-01
0.000000000000000000e+00
5.663409992883424726e-01
0.000000000000000000e+00
5.663409992885540811e-01
0.000000000000000000e+00
5.572066561303992138e-01
0.000000000000000000e+00
5.572066561300815790e-01
0.000000000000000000e+00
5.480535096931569150e-01
0.000000000000000000e+00
5.480535096927114935e-01
0.000000000000000000e+00
5.388846863652743124e-01
4.297237218852638133e-13
5.388846863652743124e-01
-4.297237218852638133e-13
5.297033179248876733e-01
0.000000000000000000e+00
5.297033179243504364e-01
0.000000000000000000e+00
5.205125404664785460e-01
0.000000000000000000e+00
5.205125404662241939e-01
0.000000000000000000e+00
5.113154933353424303e-01
3.358494440920653454e-13
5.113154933353424303e-01
-3.358494440920653454e-13
5.021153180568299623e-01
0.000000000000000000e+00
5.021153180561275242e-01
0.000000000000000000e+00
4.929151572660746550e-01
1.850894755548978337e-13
4.929151572660746550e-01
-1.850894755548978337e-13
4.837181536405364413e-01
0.000000000000000000e+00
4.837181536408497462e-01
0.000000000000000000e+00
4.745274488260952661e-01
0.000000000000000000e+00
4.745274488253288792e-01
0.000000000000000000e+00
4.653461823672633280e-01
0.000000000000000000e+00
4.653461823668408326e-01
0.000000000000000000e+00
4.561774906440622668e-01
0.000000000000000000e+00
4.561774906444857058e-01
0.000000000000000000e+00
4.470245058014570283e-01
2.752515520176232655e-13
4.470245058014570283e-01
-2.752515520176232655e-13
4.378903546824482462e-01
0.000000000000000000e+00
4.378903546817379810e-01
0.000000000000000000e+00
4.287781577692080792e-01
0.000000000000000000e+00
4.287781577688573598e-01
0.000000000000000000e+00
4.196910281186170266e-01
2.632727099570692326e-13
4.196910281186170266e-01
-2.632727099570692326e-13
4.106320703097951497e-01
0.000000000000000000e+00
4.106320703093048197e-01
0.000000000000000000e+00
4.016043793860728517e-01
0.000000000000000000e+00
4.016043793855916810e-01
0.000000000000000000e+00
3.926110398054643569e-01
0.000000000000000000e+00
3.926110398057168216e-01
0.000000000000000000e+00
3.836551243984714921e-01
0.000000000000000000e+00
3.836551243981223269e-01
0.000000000000000000e+00
3.747396933230436877e-01
0.000000000000000000e+00
3.747396933222199022e-01
0.000000000000000000e+00
3.658677930285922919e-01
0.000000000000000000e+00
3.658677930289673808e-01
0.000000000000000000e+00
3.570424552323863687e-01
0.000000000000000000e+00
3.570424552310345057e-01
0.000000000000000000e+00
8.571845073676766744e-13
0.000000000000000000e+00
1.800527183441065840e-03
0.000000000000000000e+00
1.800527184230256384e-03
0.000000000000000000e+00
1.691709764814518311e-04
0.000000000000000000e+00
1.691709750443599306e-04
0.000000000000000000e+00
9.257047700267869751e-04
0.000000000000000000e+00
9.257047713647098032e-04
0.000000000000000000e+00
2.867705568285569984e-03
0.000000000000000000e+00
2.867705566673827561e-03
0.000000000000000000e+00
7.019625483722190598e-03
2.844295107651700169e-13
7.019625483722190598e-03
-2.844295107651700169e-13
4.106108937604058436e-03
0.000000000000000000e+00
4.106108935840326914e-03
0.000000000000000000e+00
5.494540464116960156e-03
0.000000000000000000e+00
5.494540464275056782e-03
0.000000000000000000e+00
8.671463598744714313e-03
0.000000000000000000e+00
8.671463599108421641e-03
0.000000000000000000e+00
1.432703367527734042e-02
1.206581518490379906e-13
1.432703367527734042e-02
-1.206581518490379906e-13
1.044274133408704987e-02
0.000000000000000000e+00
1.044274133307228694e-02
0.000000000000000000e+00
1.232864149763991148e-02
0.000000000000000000e+00
1.232864149668202146e-02
0.000000000000000000e+00
1.643871648006020592e-02
8.812509558167826858e-14
1.643871648006020592e-02
-8.812509558167826858e-14
2.350180533963277044e-02
0.000000000000000000e+00
2.350180533853666112e-02
0.000000000000000000e+00
2.101925376402066434e-02
0.000000000000000000e+00
2.101925376305197740e-02
0.000000000000000000e+00
1.866740969902750888e-02
0.000000000000000000e+00
1.866740969720221549e-02
0.000000000000000000e+00
2.612280140191495376e-02
0.000000000000000000e+00
2.612280140045829951e-02
0.000000000000000000e+00
2.888908823510200410e-02
0.000000000000000000e+00
2.888908823485630134e-02
0.000000000000000000e+00
3.810470426268557087e-02
1.315576860489182840e-13
3.810470426268557087e-02
-1.315576860489182840e-13
3.180599003879481385e-02
0.000000000000000000e+00
3.180599003919588191e-02
0.000000000000000000e+00
3.487715055871763031e-02
0.000000000000000000e+00
3.487715055751625104e-02
0.000000000000000000e+00
4.148959257099714415e-02
0.000000000000000000e+00
4.148959257017365010e-02
0.000000000000000000e+00
5.258623287101919785e-02
0.000000000000000000e+00
5.258623286993884677e-02
0.000000000000000000e+00
4.503189025239446447e-02
0.000000000000000000e+00
4.503189025285398578e-02
0.000000000000000000e+00
4.873107626435793649e-02
1.236724502919264399e-13
4.873107626435793649e-02
-1.236724502919264399e-13
5.659618133297331793e-02
0.000000000000000000e+00
5.659618133231985454e-02
0.000000000000000000e+00
6.075956980446004657e-02
0.000000000000000000e+00
6.075956980552017772e-02
0.000000000000000000e+00
6.507492826339268677e-02
0.000000000000000000e+00
6.507492826258558238e-02
0.000000000000000000e+00
6.954070191363589948e-02
0.000000000000000000e+00
6.954070191209772711e-02
0.000000000000000000e+00
7.415527105040051192e-02
1.793255204432637982e-13
7.415527105040051192e-02
-1.793255204432637982e-13
7.891696258593414171e-02
3.223177086628837996e-13
7.891696258593414171e-02
-3.223177086628837996e-13
8.382405656054166265e-02
0.000000000000000000e+00
8.382405655900133923e-02
0.000000000000000000e+00
8.887478968895591580e-02
0.000000000000000000e+00
8.887478968957630843e-02
0.000000000000000000e+00
9.406735720614951834e-02
0.000000000000000000e+00
9.406735720538465795e-02
0.000000000000000000e+00
9.939991372645802514e-02
0.000000000000000000e+00
9.939991372728645969e-02
0.000000000000000000e+00
1.048705736195159749e-01
0.000000000000000000e+00
1.048705736185026882e-01
0.000000000000000000e+00
1.104774111123474623e-01
0.000000000000000000e+00
1.104774111125812058e-01
0.000000000000000000e+00
1.162184603205242972e-01
0.000000000000000000e+00
1.162184603194554161e-01
0.000000000000000000e+00
1.220917152444235959e-01
0.000000000000000000e+00
1.220917152437681757e-01
0.000000000000000000e+00
1.280951298265772254e-01
0.000000000000000000e+00
1.280951298274456418e-01
0.000000000000000000e+00
1.342266180588982671e-01
0.000000000000000000e+00
1.342266180582886437e-01
0.000000000000000000e+00
1.404840541509529694e-01
0.000000000000000000e+00
1.404840541494181139e-01
0.000000000000000000e+00
1.468652727844405870e-01
0.000000000000000000e+00
1.468652727838133665e-01
0.000000000000000000e+00
3.482666958844493621e-01
0.000000000000000000e+00
3.482666958840863192e-01
0.000000000000000000e+00
1.533680694343983741e-01
0.000000000000000000e+00
1.533680694332478778e-01
0.000000000000000000e+00
3.395435141603375673e-01
2.189362478777921607e-13
3.395435141603375673e-01
-2.189362478777921607e-13
1.599902007440609231e-01
0.000000000000000000e+00
1.599902007450203223e-01
0.000000000000000000e+00
1.667293849769233005e-01
0.000000000000000000e+00
1.667293849763309688e-01
0.000000000000000000e+00
3.308758914448668431e-01
0.000000000000000000e+00
3.308758914442869736e-01
0.000000000000000000e+00
1.735833024995361296e-01
0.000000000000000000e+00
1.735833024987015472e-01
0.000000000000000000e+00
3.222667903291182578e-01
0.000000000000000000e+00
3.222667903296349001e-01
0.000000000000000000e+00
1.805495963437592499e-01
0.000000000000000000e+00
1.805495963430485129e-01
0.000000000000000000e+00
1.876258727848737484e-01
2.901137577101675104e-13
1.876258727848737484e-01
-2.901137577101675104e-13
1.948097019776229843e-01
0.000000000000000000e+00
1.948097019782329686e-01
0.000000000000000000e+00
3.137191536192535657e-01
3.616191756361796476e-13
3.137191536192535657e-01
-3.616191756361796476e-13
2.020986186237254678e-01
0.000000000000000000e+00
2.020986186228654058e-01
0.000000000000000000e+00
2.094901226642108538e-01
0.000000000000000000e+00
2.094901226637467806e-01
0.000000000000000000e+00
2.169816800165537685e-01
0.000000000000000000e+00
2.169816800163160697e-01
0.000000000000000000e+00
2.245707233271296843e-01
0.000000000000000000e+00
2.245707233272727366e-01
0.000000000000000000e+00
3.052359033452864967e-01
0.000000000000000000e+00
3.052359033444403957e-01
0.000000000000000000e+00
2.322546527532899363e-01
0.000000000000000000e+00
2.322546527518938864e-01
0.000000000000000000e+00
2.400308367601293180e-01
0.000000000000000000e+00
2.400308367606896753e-01
0.000000000000000000e+00
2.478966129607469981e-01
0.000000000000000000e+00
2.478966129601811730e-01
0.000000000000000000e+00
2.968199397859333510e-01
4.491569125000089352e-14
2.968199397859333510e-01
-4.491569125000089352e-14
2.558492889404746506e-01
0.000000000000000000e+00
2.558492889399781589e-01
0.000000000000000000e+00
2.638861431323327733e-01
1.535746229787013138e-13
2.638861431323327733e-01
-1.535746229787013138e-13
2.884741405044712326e-01
0.000000000000000000e+00
2.884741405042209883e-01
0.000000000000000000e+00
2.802013593845942840e-01
0.000000000000000000e+00
2.802013593840924632e-01
0.000000000000000000e+00
6.990026055866537247e-01
0.000000000000000000e+00
6.990026055870677268e-01
0.000000000000000000e+00
7.074193986285638447e-01
0.000000000000000000e+00
7.074193986281509527e-01
0.000000000000000000e+00
2.720044256911897107e-01
0.000000000000000000e+00
2.720044256909493474e-01
0.000000000000000000e+00
7.157660841518025396e-01
0.000000000000000000e+00
